image: argri.pgm
resolution: 0.050000
origin: [-37.172269, -40.791159, 0.000000]
negate: 0
occupied_thresh: 0.65
free_thresh: 0.196

